tensor_dense7kernel0 14
-0.488417625 -0.155054048 -0.262950569 -0.114883021 0.111330532 -0.148270652 0.0766615421 -0.0326462723 -0.153752655 0.226001859 -0.208804011 0.500623941 0.420755059 0.000699742348
tensor_dense6bias0 14
-2.62629819 1.11953533 0.536979437 0.521329105 -1.07946217 0.712499321 -0.642525792 -1.08453667 -0.353393286 -0.328762442 1.57516229 1.04305661 -0.0733914748 0.0943272188
tensor_dense6kernel0 196
-0.0366987698 0.200044602 -0.0254019126 -0.369148344 0.0178260375 0.303138793 -0.473457724 0.00579329534 0.305976689 -0.11123918 0.164280728 0.23193571 0.348590642 0.400886923 0.211266145 0.0203950386 -0.272886395 -0.0773718804 0.00917868596 -0.370440841 0.0102049559 0.230969101 0.494137377 0.121270597 -0.456005096 -0.357569396 -0.378443271 -0.607861102 0.409351408 0.266122133 1.30925977 -0.152712792 -0.734327614 0.962691009 -0.61328429 -0.729565382 -0.164943174 0.133199528 0.535402656 -0.663740277 -0.404136091 1.03695822 1.49858046 1.31361401 2.70651531 0.527403772 -0.503699183 0.319876373 0.266141653 0.977298558 0.208070472 -0.447521329 -0.137263492 -0.315590233 -0.597907364 0.38709867 0.312904984 1.26740706 2.37457442 0.385367662 -0.292565107 0.460583746 -0.125587538 -0.104079925 0.319876075 -0.0626461729 0.343101054 -0.704448581 0.29619202 0.515941083 -0.21788469 -0.23224099 -0.534366369 -0.0846508294 0.28931272 -0.0448204428 0.261811107 -0.415217876 -0.622621119 0.347457588 0.327387124 -0.284633934 -1.24808753 -0.227079839 0.201356485 0.158295497 -0.429720461 0.167433754 -0.657305181 0.365207881 -0.520578086 -0.346367806 -0.0393444076 0.534413278 -0.0168241411 -0.603630662 -0.00369559578 0.164462209 0.0396097973 0.562198997 0.26797998 0.688167572 -0.0801123455 -0.651875615 -0.426753849 -0.187108174 -0.107276477 -0.619060278 0.272977769 -0.540374398 -0.917493284 -0.139762938 -0.747283936 -0.130641073 0.698286414 0.100570992 -0.373117983 -1.01369238 0.167973131 0.158796951 0.256676078 -0.0604088455 -0.0992245749 0.219764858 -1.05397093 0.767403364 0.749601066 0.89140451 1.30134487 0.195455998 0.0602884181 0.445885807 0.399445891 0.805088103 0.556877315 0.0839937627 0.314102679 -0.122236624 -0.398599982 1.93860912 0.267950535 0.576286972 0.642852783 0.209624529 -0.100867741 0.197383851 0.0341855995 0.525275767 0.139866918 -0.148211494 -0.659373999 0.812804699 0.045481842 0.0633108243 0.304766715 1.47486615 1.74422562 0.606109321 -0.165325567 0.529593527 0.0847344398 0.0525815375 1.73821354 0.0130380224 0.478754163 -0.284940451 0.13820529 0.667385638 0.50693512 1.44035447 0.611929834 -0.0555779822 0.4614048 0.0795694664 -0.333408773 -0.193809077 0.889151692 -2.65489197 -0.376904219 -0.382024944 -0.39849183 -0.237498194 -0.0689493641 -1.17528927 -0.47707665 -0.0506560877 0.271533579 0.232546911 -0.791187644 0.19662182 0.0980352461 -0.305645376 -0.260760844 0.184247687 -0.28674826 0.103408553
tensor_dense5bias0 14
1.46393669 -1.85325181 1.39113605 0.0643531904 -0.0273899585 0.0765991732 -0.368777692 0.614971697 2.6377821 0.250482023 -0.765344024 0.354056805 -0.598368704 -1.14650953
tensor_dense5kernel0 196
0.154205352 -0.199297264 0.273542255 0.0703420714 -0.838902295 0.196697786 -0.354621172 -0.900519311 0.102231972 -0.802860677 -0.77846992 0.082442753 -0.776192188 -0.116671197 0.139095709 -0.44046697 0.314200968 -0.0287698731 0.563739419 0.769618988 -0.210019022 0.177906334 -1.02696252 0.18218264 0.0264188386 0.463018984 -1.20321691 -0.178772002 -0.198992759 -0.0823764503 0.0790116191 -0.35115695 -0.425004512 -0.0564906895 -0.322535962 -0.0845426023 -0.307977319 -0.129673958 0.119344652 0.389356494 0.380527735 0.354078114 0.234332427 0.845343411 -1.53125584 -0.436087161 0.161911115 -0.54658401 0.163126394 -0.423375309 0.626068652 0.0533840582 0.470473111 -0.618582845 0.0829065368 0.181058154 0.442066908 -0.452165335 0.0806158632 0.441987693 0.389035344 -0.147691518 -0.578493297 0.100974612 0.000819467532 -0.000448074425 -0.124519356 -0.159114584 0.242120415 0.22898078 -0.166924939 -0.00724095898 -0.380781859 -0.0123528773 -0.0593515411 0.20007585 0.212438554 -0.158632368 -0.272888362 0.187803417 0.224727303 0.153473198 0.0521379039 0.441808611 -0.451173306 0.231515899 0.128834829 -0.685275495 0.068075411 0.00213483721 0.128433391 -0.0169591382 0.0874735937 0.137536049 0.415735036 -0.219867602 0.51893419 -0.567204714 0.268999815 0.00103247166 -0.0224133134 -0.261293352 0.347514331 0.094481349 0.118958831 -0.227436706 -0.426776439 -0.0231488943 0.0206238329 0.111741662 0.210406959 -0.146947294 -0.36931473 0.323052645 -0.00959436223 -0.474836826 -0.412470907 0.121025518 -0.493610114 0.642918348 0.0804876462 -0.11294172 -0.247818425 -0.183455348 -0.364784151 0.341580987 0.223718464 -0.31440264 0.207766414 -0.163252026 0.223851979 -0.0138989985 0.436671913 0.42274797 -0.194240153 0.233207107 0.229713559 -0.41029036 0.382146955 0.316043139 0.393979549 0.532975435 -1.24092698 -0.436819017 0.0387339108 -0.297294855 -0.24308376 -0.248905644 -0.25763756 -0.017760016 0.515880525 -0.982721388 1.13270164 -1.18893719 -0.0718428791 0.125945032 -0.153686464 0.196501434 -0.0801894367 -0.0487493575 -0.441107064 0.0526694655 -0.239915267 -0.457038909 0.197930574 0.0655881763 0.201366425 -0.169142962 -0.597050667 0.363216817 0.3771061 0.239073604 -0.363395989 0.0252023153 -0.377377868 0.0533956736 0.47516796 0.23126103 -0.327981085 0.324828148 0.95675087 -0.168307021 0.0775638297 -0.245264784 0.323381424 0.639299333 0.248436496 0.497436464 0.315956891 0.0569994338 -0.684906542 0.0342246927 -0.222811714 0.0101867458 -1.15925169 0.268141776
tensor_dense7bias0 1
-1.06472099
tensor_dense4bias0 14
0.322231293 0.4873133 0 -1.1272465 0.836534142 -0.449908465 -0.924965084 0 -0.605443656 0 -1.18692911 0 -0.0309990365 -0.243473634
tensor_dense4kernel0 98
-3.29026103 -1.53631401 -0.323895872 -0.618477643 3.14659357 -0.106207982 -2.87500072 -0.210517257 2.05760884 0.480670512 -1.87963927 0.419794798 -2.17736053 -0.934443593 -1.73344767 -6.37242746 -0.12782675 8.22018719 -2.01610208 1.80759382 4.88690901 0.141680479 0.822038949 -0.346454561 8.03599548 0.061103344 -1.06667042 -6.39229774 5.80271816 -0.0232968219 0.0374062061 1.36983693 -2.15511322 3.69530821 0.516212344 -0.513313532 -8.06836987 0.497589648 0.78251189 -0.224181145 -0.543676019 0.905259848 -0.100353599 1.07735705 0.216789722 -0.218633816 0.280388117 0.646406829 0.0868813097 0.377522647 -0.066596359 0.293986678 0.41223219 -0.516676545 -0.970392227 0.623244226 -60.8570633 -33.48946 -0.249944299 -8.55402088 63.0141106 -64.4254456 -17.9835262 0.208082676 49.3512573 0.392007649 -22.0781441 -0.456292093 9.13497543 -42.8234787 -0.0366940685 -0.0605644137 -0.463686675 -0.060666088 0.0286933146 -0.251391768 -0.10894946 -0.4941715 -0.0867202058 -0.00712960958 0.00241957395 0.136152685 -0.226352692 -0.104552433 0.0781967416 0.034033861 -0.465202451 0.030004682 -0.014711394 0.0433033742 0.0189187434 -0.182352632 0.152214631 -0.497201383 0.0154112736 -0.474574268 0.0948333368 0.0432761423
