tensor_dense3bias0 1
-0.463600487
tensor_dense3kernel0 14
-0.106526129 -0.0291049238 -0.434589267 -0.407436401 -0.462981701 0.0235402957 -0.605255246 0.0271453783 0.319012672 -0.278166622 0.551051557 0.105317093 0.380160123 0.103557944
tensor_dense2bias0 14
0.327743828 -0.400661916 0.600910842 0.226717144 -0.0984522179 -0.807261467 0 -0.414729059 -0.0700850189 0.120428972 0 -0.130579084 -0.305643767 0
tensor_dense2kernel0 196
0.0848502517 0.2144714 1.05201805 -0.181180537 -0.202693671 0.247585997 0.17967689 -0.235813141 0.0750998259 0.627133548 -0.100072056 -0.342694432 -0.868254483 0.227166831 -0.497575313 -0.394239068 0.157778993 0.243536428 0.29652524 0.0190546848 -0.114353895 0.0203927606 0.271484762 -0.252723277 -0.206026852 -0.244777635 0.33561182 -0.222163841 0.722664416 -0.408076465 0.509224057 0.331127495 -0.21852468 -0.188562274 -0.258569837 -0.430392742 0.583362222 0.452712715 -0.248638734 0.223855793 -0.654417396 -0.341042876 0.0596164465 -0.405222058 0.149232924 0.296908826 0.229814574 0.268369496 0.0644066334 -0.229009658 0.0565815717 -0.0430463739 0.190064549 0.239528745 -0.31588611 -0.157222718 -0.0351341218 0.297919095 0.208732739 0.310840994 -0.187683165 -0.394384146 0.336642087 -0.0971768349 -0.894448996 0.0406402014 -0.408709466 0.216695011 0.121339649 0.203345597 1.14556026 -0.185030773 0.960688412 0.945386052 0.449556202 0.147218794 0.0626815557 -1.17314041 -0.204914391 -0.256864667 0.167441428 0.750795484 -1.51346838 -0.0471606553 -0.129339084 -0.111816794 0.315835238 -0.360822499 -0.219746709 -0.139284492 -0.0186832547 0.411140501 0.358902156 -0.0102141406 -0.242181644 0.269335777 -0.00278696418 -0.268903881 0.26217559 0.172168925 -0.0999685153 -0.175561309 -0.294361234 -0.312017232 -0.254422724 0.326916039 -0.316745311 -0.308648556 0.00984844565 -0.475441337 0.119111717 -0.350051939 0.096410796 0.0817444697 -0.145640999 -0.332465947 -0.306533635 -0.89129144 -0.189683139 0.262286246 -0.56124121 0.269099563 -0.433042258 -1.08296335 0.0959160104 -0.283958733 -0.399100989 -0.479606152 0.288807809 0.065463379 0.216013849 0.0179031063 -0.167731255 -0.186085656 -0.146435216 0.304727525 0.181074202 -0.0465679578 0.541021466 0.0587874055 0.154169485 -0.284309238 -0.423377931 0.0538529195 -0.0457606055 -0.810477436 0.0824296474 0.49074918 -0.099129647 -0.072034359 -0.0276901424 -0.411400765 -0.108930156 -0.382831335 -0.419176638 -0.18937318 0.0455535837 -0.382566094 0.136484519 0.110263102 -0.401204765 0.0486472137 0.0166646224 0.257815093 0.0697367787 0.362929493 -0.418433934 0.430621147 -0.00192972214 0.0150890751 -0.44681558 0.368245244 -0.230318993 0.010425508 -0.100747705 -0.319647372 0.336574167 -0.276190668 -0.344001561 -0.0727806911 0.342267424 -0.0260362029 -0.314869165 0.156623036 0.299719155 0.2508609 0.398162246 -0.236069933 -0.119206697 0.34974879 -0.839142323 0.23367393 -0.444940209 0.281508118 0.427750647 -0.090492785
tensor_dense1bias0 14
0.382271707 -0.553891063 0.556632638 0.301103294 0.0289722066 0.0994724035 -0.126394212 -0.532427609 -0.260184675 0.214202777 -0.369055629 -0.136664584 -0.711792231 -0.0533833504
tensor_dense1kernel0 196
-0.0376958549 0.00787520409 -0.443995148 0.137012243 -0.114182711 0.418205738 -0.146192163 -0.0607629716 -0.0270018876 -0.343824536 -0.24716866 -0.133122802 0.209895194 0.206607938 -0.539422572 0.128711969 -0.172540441 0.0509016849 -0.454527438 0.607215405 -0.394750476 0.506347895 -0.32095322 -0.380003214 0.272400707 -0.0288278013 0.500427544 -0.47754252 -0.144350931 -0.0587235093 -0.0733671188 0.0526462048 0.00990033988 0.104173958 -0.0223509353 -0.399184525 -0.301482707 0.382306367 -0.277317494 0.107616059 -0.0866900459 -0.145570293 -0.0420745015 0.126577646 -0.302535176 0.226183742 -0.600544035 0.138888568 -0.294842094 0.346483797 0.410617977 -0.173305988 -0.571931839 -0.115541324 -0.132261902 -0.0119664622 -0.285399437 0.047527492 0.0386769176 -0.00682902336 0.28772366 0.231044352 0.419917405 -0.460617751 0.0127015114 -0.0728451014 0.00312966108 -0.289064407 0.0784912109 -0.154896855 -0.248555079 0.44645673 0.275090039 0.450785637 0.131136179 -0.334198594 -0.401539296 0.0671336651 -0.0107050836 -0.124041528 -0.273494452 -0.226445615 0.165972352 -0.374035239 0.355247706 0.138547629 0.219106659 -0.312827647 0.368682295 -0.190771788 0.162227333 -0.0620244108 0.0298299361 0.31149736 0.07343667 0.0759656578 -0.0882625505 -0.183951914 0.384771109 -0.100962579 -0.353885084 0.366147101 0.152140915 0.0708353519 -0.163119256 -0.404315025 -0.25482446 -0.228151873 -0.226345062 -0.417654097 0.349842906 0.0282584131 -0.300115168 -0.119098492 -0.22629191 0.16174601 -0.253200114 -0.183130682 -0.215122968 0.0433000065 0.547194242 0.363662064 0.154243752 -0.102149203 0.0999884233 -0.301069349 -0.343657672 0.00702944398 -0.279902995 -0.437424153 0.410217643 0.174410522 -0.329550982 -0.120262146 0.428783655 -0.268767357 0.333167553 -0.239764065 -0.309566915 0.444957852 0.41646713 0.348154545 -0.212564811 0.31010443 0.436407685 -0.243155271 0.0153852999 0.196654513 -0.127269581 0.176278055 -0.434657693 0.270210147 -0.183915928 -0.396285206 0.0266536325 0.181442007 0.634429514 0.330301315 -0.204778776 -0.4096286 -0.0692448243 -0.0376870222 0.263450176 -0.222545922 -0.202177182 -0.210291922 0.445250392 0.0157775953 -0.306328446 -0.359328479 -0.0691877902 -0.141808063 0.0444764495 0.105152667 0.37583065 -0.377057374 0.11258018 0.449136436 0.366498172 0.123348534 -0.27755329 -0.0740026236 -0.276583284 0.285091996 0.333857596 0.230736017 -0.0183881521 -0.194047332 0.0471350551 -0.386553645 0.357343614 -0.219916224 0.276248515 -0.377882719 -0.457603961 -0.112383842
tensor_densebias0 14
0 -0.277982771 0.949666321 -0.831038654 0 0 0.094768934 0 0.121511273 0 -0.00158169237 0.594142973 0 0
tensor_densekernel0 98
0.176852286 0.84221673 1.45524633 -1.96426857 0.0627744198 -0.336761951 -0.597168803 0.398794949 -1.63871968 -0.527578413 0.41035226 1.86959231 0.349690378 -0.38534683 0.433406949 4.22369099 3.15640354 2.46619391 -0.0668950975 0.124513149 -4.65896225 -0.0186802745 -0.364097506 0.222672641 -0.457291245 -3.36905217 0.26842618 0.485758126 -0.00460416079 -1.47618234 -0.0340462364 1.87848556 0.0764091015 0.125287473 -0.672867477 -0.474506229 2.43725681 -0.506957412 0.457599401 -2.22606421 -0.529988408 -0.176725119 0.103817284 -0.209913254 0.481387526 -0.188851669 -0.0198692083 -0.191755801 0.05109163 -0.282344162 0.592716992 -0.0370207131 -0.324012607 0.250658661 0.502146065 0.221752763 -0.142390221 12.1041012 13.6058712 -17.7228565 0.0722144246 0.392014384 -1.95966446 0.365911484 -21.1057434 0.275120735 -0.274778157 15.2119732 0.486763895 0.279362679 -0.0381062329 -0.0460387617 0.0948334187 0.162092596 -0.264853776 -0.497420967 -0.111549117 -0.488022655 -0.0918866396 -0.476967722 0.074103348 0.0805862024 -0.328229219 0.0308574438 -0.315224349 0.0370331742 -0.0522930883 0.0195887145 -0.170608371 -0.413155019 0.0841213539 -0.0378494561 0.0304001886 -0.462850034 -0.257458478 0.00806630496 -0.0880539715 -0.43682307
