tensor_dense3bias0 1
-0.00730788382
tensor_dense3kernel0 12
-0.162972689 0.35448727 -0.0272244159 -0.00926307123 0.167747736 -0.184252411 0.100952432 -0.0724405348 -0.0916008875 0.214807212 -0.165595382 -0.167996719
tensor_dense2bias0 12
-0.0867008567 3.09910226 -0.804819703 -1.91960394 2.70128751 -1.45246255 -4.03453398 -1.38606513 -3.07950664 2.72387934 -3.65459824 -0.697741568
tensor_dense2kernel0 144
-0.469958425 -0.512189507 -0.275145382 -0.204437584 -0.279704124 -0.825348139 -0.0789367035 0.0304115936 0.270903438 -0.40219444 0.672459483 -0.373518199 0.750544071 0.014490799 0.742830217 -0.0710849389 -1.50255859 0.949225962 -4.73916769 0.11228656 2.00547147 0.705566168 0.187292248 0.397685558 -0.519496679 0.0631048009 -0.512778878 -0.768289983 0.557242215 -0.135423303 0.295874596 -1.61864805 -0.231437117 0.122797281 -0.0385069326 -0.0855726823 0.305410951 0.126910925 -0.168332309 -1.29086924 -0.0784747526 -0.14668259 -0.403857917 0.294862479 -0.285884172 -0.276466191 -0.827774048 0.181574345 0.0369545333 0.15253289 0.00646392396 -0.914590716 -0.349381447 -0.214878649 -1.42524719 0.215526462 0.720262945 -0.170789883 0.115209393 0.791861892 0.703538001 0.0123739783 -0.27488479 -0.317745745 -0.407493144 -1.08565259 0.119413547 0.121567808 -0.58166635 -0.44498539 -0.533024192 0.170759574 0.370787978 -0.351770908 0.755000234 -0.00809532125 0.202765733 0.442809701 -2.90679097 1.00633013 1.22192442 -0.592288911 2.46570969 -0.189756751 -0.660108864 -0.164894313 -0.109353267 -0.4002572 0.339204997 -0.107392445 1.98209095 0.214777768 1.17854929 0.170139387 0.47254172 0.425166696 1.25095928 -0.194720268 0.453014076 0.0777430534 -1.19266093 -0.443291157 -1.56596172 3.9956429 -0.102281868 -0.347775578 0.597597897 -0.462816656 0.508461058 -0.222226784 -0.186389565 -0.373100996 0.218676955 -0.419407308 -0.333477348 0.0645109564 0.743926108 0.00578354765 0.365484715 0.486144036 -0.938843191 0.564364433 -0.237663031 -3.30004907 0.0306016188 -0.0543960594 -0.858279884 -0.0543209948 -0.49799943 0.219098449 0.446770787 0.960139036 -0.387570679 -0.94350338 0.11010427 0.145289809 0.0239332858 0.49785465 0.189319909 -0.802981496 0.17820558 -0.441743433 0.133349404 0.185435459
tensor_dense1bias0 12
-4.84586859 0.0797582343 3.1272819 0.264923334 -1.60810947 -0.509403825 -2.757339 -2.52167535 -2.41021419 -1.03118598 1.88618839 -1.36430514
tensor_dense1kernel0 144
-0.488268137 -0.0123633146 -0.0606043339 0.413625121 -0.0914911032 -0.468638539 0.215765715 0.0177528858 -0.359529614 -0.300189257 -0.0867328644 -0.125835538 -0.0920439959 0.29633224 -0.46687305 -0.472173095 -0.436537623 0.138285041 -0.0186530352 -0.393536687 -0.0269488096 0.114879489 0.221342087 0.271275163 0.230642706 -0.204813123 -0.294125766 -0.371673733 0.507107437 0.675249577 -0.259510666 0.0455484539 0.0733256191 -0.0806229264 0.238260522 0.416975379 -0.186876044 0.369134218 0.127428755 0.448547363 0.0231819134 -0.253368646 -0.258179009 -0.112845771 -0.288695812 -0.300829887 -0.281427562 -0.0597539432 0.117730357 -0.429153502 0.567109346 -0.670805573 0.234341964 -0.0259019919 -0.736827552 0.351574481 0.508363664 -1.45882142 0.299189717 0.0770102963 -0.0697504431 0.0247077029 -0.0264454577 -0.145882651 0.540259361 0.255087435 -0.0771159008 -0.334027827 -0.358699352 0.255031347 -0.224636644 -0.500918329 0.0451962948 -0.219472885 0.00539410114 0.284071207 -0.244048357 0.131483912 0.192961931 -0.272116065 0.1654948 0.0193040371 0.221091747 -0.344920158 -0.748057663 0.820516765 -0.0165544413 0.342578799 -1.33954048 0.0456640646 0.67600733 -0.135936841 -0.29388091 -0.388962984 0.94024843 0.520131946 0.0864152908 0.167800307 0.0814342499 -0.414611697 0.107516885 0.48001492 0.287823915 -0.43046236 0.245781064 -0.43742156 0.10468626 0.129621625 -0.434081078 -0.0446717739 0.157391667 0.396815658 -0.433560967 -0.175204515 -0.249822021 -0.235755324 -0.3468014 -0.144553661 0.0730476379 0.235445023 0.0293127149 -0.170786649 -0.392994821 0.451223135 -0.116583973 -0.816904187 -0.0385074802 0.269408703 -0.261194199 -0.0982876271 -0.09286955 -0.417006433 0.135157928 -0.171230271 0.300691515 0.52196312 -0.403575093 -0.384762764 0.0863293484 -0.661084235 -0.561773598 -0.0125944251 -0.833438516 0.373148501
tensor_densebias0 12
0 0 -2.64586353 0.227177292 -0.0233712457 0.668376863 0 2.49448204 0 0 2.09341931 -1.30425727
tensor_densekernel0 72
-0.0939327776 0.522973657 8.00109577 -3.73267055 -0.618642449 -6.53801394 -0.158970833 1.59745204 -0.404926926 0.358782589 -8.34412861 3.99839067 0.0777323842 -0.270118535 1.35799468 -0.966709614 7.9925251 7.63327408 0.285668254 -10.7364588 0.462274432 0.373272002 1.38575661 -8.19268131 0.113204896 -0.306453049 -2.08931947 -5.0428133 -12.6374922 7.80032158 -0.467306942 -6.86032295 0.0648150444 -0.154073477 -0.113835379 13.3834715 -0.423110634 -0.379285276 -0.385371953 -0.299120188 0.521882057 -0.332517684 0.571815133 0.492554009 -0.165108681 -0.521925211 1.22773015 0.49044919 -0.173395157 -0.144518584 0.140884802 0.0265779067 -0.0696623772 0.0231044907 -0.446822405 0.0353333838 0.0956338644 -0.425675213 0.112825029 0.00248602894 -0.211129427 -0.2036964 0.00524307694 -0.102354996 0.0432304703 0.0522037745 -0.242008269 0.0297631044 -0.419315994 -0.0752831101 0.00504698884 0.0287688579
